0 0 99 0 192 115
1 0 193 0 286 115
2 0 287 0 380 115
3 0 381 0 474 115
4 0 475 0 568 115
5 0 569 0 662 115
6 0 663 0 756 115
7 0 757 0 851 115
0 1 99 116 192 232
1 1 193 116 286 232
2 1 287 116 380 232
3 1 381 116 474 232
4 1 475 116 568 232
5 1 569 116 662 232
6 1 663 116 756 232
7 1 757 116 851 232
0 2 99 233 192 349
1 2 193 233 286 349
2 2 287 233 380 349
3 2 381 233 474 349
4 2 475 233 568 349
5 2 569 233 662 349
6 2 663 233 756 349
7 2 757 233 851 349
0 3 99 350 192 465
1 3 193 350 286 465
2 3 287 350 380 465
3 3 381 350 474 465
4 3 475 350 568 465
5 3 569 350 662 465
6 3 663 350 756 465
7 3 757 350 851 465
0 4 99 466 192 582
1 4 193 466 286 582
2 4 287 466 380 582
3 4 381 466 474 582
4 4 475 466 568 582
5 4 569 466 662 582
6 4 663 466 756 582
7 4 757 466 851 582
0 5 99 583 192 699
1 5 193 583 286 699
2 5 287 583 380 699
3 5 381 583 474 699
4 5 475 583 568 699
5 5 569 583 662 699
6 5 663 583 756 699
7 5 757 583 851 699
0 6 99 700 192 816
1 6 193 700 286 816
2 6 287 700 380 816
3 6 381 700 474 816
4 6 475 700 568 816
5 6 569 700 662 816
6 6 663 700 756 816
7 6 757 700 851 816
